err_6 = -0.11346127339699999 # Output error

err_5 = -0.0011326458827956695
err_4 = -0.001396221867038017
err_3 = -0.004461133658813801

w_56 = 0.37298917134759924
w_46 = 0.6796904320619369
w_36 = -0.6295153698054667

#err_2 = do not make sense
#err_1 = do not make sense
w_25 = 0.4773470823440866
w_24 = -3.0279244373407606
w_23 = 1.910777326823724
w_15 = 3.988673541172043
w_14 = 1.9860377813296197
w_13 = -3.044611336588138
